m=zeros(64,64);

m(24,38)=1;
m(10,48)=1;
m(38,50)=-1;
m(5,60)=-1;
m(14,36)=-1;
 
 save m m -ascii